1 -3.0 -1.005 0.019176470588235295 8 6 12 0
2 -3.0 -0.905 0.02992156862745098 1 2 4 0
3 -3.0 -0.805 0.04180392156862745 0 1 2 0
4 -3.0 -0.705 0.03 1 2 5 0
5 -3.0 -0.605 0.04254901960784314 1 2 4 0
6 -3.0 -0.505 0.027607843137254902 4 5 5 0
7 -3.0 -0.405 0.05054901960784314 1 3 3 0
8 -3.0 -0.305 0.06152941176470589 2 3 5 0
9 -3.0 -0.205 0.04450980392156863 5 4 5 0
10 -3.0 -0.105 0.05572549019607843 4 5 6 0
11 -3.0 -0.005 0.0799607843137255 3 4 4 0
12 -3.0 0.095 0.07235294117647059 5 7 7 0
13 -3.0 0.195 0.04643137254901961 6 8 7 0
14 -3.0 0.295 0.04737254901960784 8 7 8 0
15 -3.0 0.395 0.05388235294117647 9 5 7 0
16 -3.0 0.495 0.05207843137254902 4 3 4 0
17 -3.0 0.595 0.051490196078431374 5 4 7 0
18 -3.0 0.695 0.0523921568627451 4 2 4 0
19 -3.0 0.795 0.061450980392156865 8 5 7 0
20 -3.0 0.895 0.08207843137254901 3 4 5 0
21 -2.7 -1.005 1.4322745098039216 186 193 196 0
22 -2.7 -0.905 1.519607843137255 200 202 203 0
23 -2.7 -0.805 1.734 132 151 163 0
24 -2.7 -0.705 1.9340000000000002 90 119 137 0
25 -2.7 -0.605 1.8089019607843135 217 217 213 0
26 -2.7 -0.505 1.8499607843137256 180 186 190 0
27 -2.7 -0.405 2.1210980392156866 133 151 161 0
28 -2.7 -0.305 2.1072941176470588 189 196 201 0
29 -2.7 -0.205 2.246392156862745 141 160 171 0
30 -2.7 -0.105 2.3769019607843136 133 160 173 0
31 -2.7 -0.005 2.3696470588235297 139 156 164 0
32 -2.7 0.095 2.3579607843137254 181 177 159 0
33 -2.7 0.195 2.358901960784314 143 129 96 0
34 -2.7 0.295 2.327372549019608 145 134 96 0
35 -2.7 0.395 2.3036470588235294 208 175 108 0
36 -2.7 0.495 1.751921568627451 199 165 112 0
37 -2.7 0.595 1.1863921568627451 210 188 153 0
38 -2.7 0.695 0.8947843137254903 215 186 134 0
39 -2.7 0.795 0.6969803921568628 156 124 85 0
40 -2.7 0.895 0.5885882352941176 136 115 86 0
41 -2.4 -1.005 1.6734117647058824 173 189 206 0
42 -2.4 -0.905 1.8112941176470587 87 120 140 0
43 -2.4 -0.805 1.8798039215686273 89 120 140 0
44 -2.4 -0.705 1.8559607843137256 184 190 199 0
45 -2.4 -0.605 2.039843137254902 103 130 148 0
46 -2.4 -0.505 2.126509803921569 101 133 152 0
47 -2.4 -0.405 2.2732549019607844 109 131 140 0
48 -2.4 -0.305 1.9437647058823528 126 128 121 0
49 -2.4 -0.205 2.006862745098039 161 151 127 0
50 -2.4 -0.105 1.9652549019607843 171 160 131 0
51 -2.4 -0.005 1.8860392156862744 119 107 78 0
52 -2.4 0.095 1.789607843137255 66 51 22 0
53 -2.4 0.195 2.159764705882353 145 132 110 0
54 -2.4 0.295 2.3537254901960782 198 183 148 0
55 -2.4 0.395 2.3610588235294117 29 17 13 0
56 -2.4 0.495 1.6944313725490197 146 120 85 0
57 -2.4 0.595 1.1833333333333333 110 76 36 0
58 -2.4 0.695 0.8914901960784314 200 158 94 0
59 -2.4 0.795 0.7250196078431372 189 155 106 0
60 -2.4 0.895 0.6029803921568627 160 130 83 0
61 -2.1 -1.005 1.8550588235294116 79 113 135 0
62 -2.1 -0.905 1.8793725490196078 89 118 138 0
63 -2.1 -0.805 1.9224705882352942 124 147 161 0
64 -2.1 -0.705 1.8428235294117647 194 198 202 0
65 -2.1 -0.605 1.866470588235294 182 186 185 0
66 -2.1 -0.505 1.8692549019607845 138 131 105 0
67 -2.1 -0.405 1.5050196078431373 89 79 47 0
68 -2.1 -0.305 1.4151764705882355 156 150 126 0
69 -2.1 -0.205 1.3880000000000001 106 96 76 0
70 -2.1 -0.105 1.3623529411764708 57 49 32 0
71 -2.1 -0.005 1.3416862745098037 45 35 22 0
72 -2.1 0.095 1.5344313725490195 73 62 47 0
73 -2.1 0.195 1.6305098039215686 84 73 51 0
74 -2.1 0.295 2.3313725490196076 158 151 66 0
75 -2.1 0.395 2.3478823529411765 221 189 129 0
76 -2.1 0.495 1.5435686274509803 225 193 131 0
77 -2.1 0.595 1.0598823529411765 38 28 25 0
78 -2.1 0.695 0.853529411764706 83 56 33 0
79 -2.1 0.795 0.686156862745098 194 159 99 0
80 -2.1 0.895 0.5653333333333334 199 166 104 0
81 -1.8 -1.005 1.8357647058823527 79 114 135 0
82 -1.8 -0.905 1.867764705882353 90 119 140 0
83 -1.8 -0.805 1.86 112 138 154 0
84 -1.8 -0.705 1.5849019607843138 153 153 148 0
85 -1.8 -0.605 1.2076470588235295 183 176 162 0
86 -1.8 -0.505 1.1988627450980394 136 125 103 0
87 -1.8 -0.405 1.233843137254902 96 84 57 0
88 -1.8 -0.305 1.3646274509803922 107 96 72 0
89 -1.8 -0.205 1.2290196078431372 42 36 28 0
90 -1.8 -0.105 1.2258039215686274 89 78 57 0
91 -1.8 -0.005 1.2490196078431373 25 15 10 0
92 -1.8 0.095 1.7095294117647057 185 176 175 0
93 -1.8 0.195 1.5141960784313724 28 20 10 0
94 -1.8 0.295 1.5830980392156864 70 63 17 0
95 -1.8 0.395 1.627529411764706 192 168 115 0
96 -1.8 0.495 1.3965490196078432 20 15 18 0
97 -1.8 0.595 1.1312549019607843 15 12 15 0
98 -1.8 0.695 0.8671372549019608 52 43 37 0
99 -1.8 0.795 0.6727058823529412 175 130 77 0
100 -1.8 0.895 0.5583529411764706 208 175 120 0
101 -1.5 -1.005 1.744078431372549 77 112 132 0
102 -1.5 -0.905 1.7749019607843137 83 117 136 0
103 -1.5 -0.805 1.7792549019607844 204 207 202 0
104 -1.5 -0.705 1.4701960784313726 171 168 155 0
105 -1.5 -0.605 1.313607843137255 88 83 70 0
106 -1.5 -0.505 1.2267450980392156 101 93 78 0
107 -1.5 -0.405 1.1178039215686275 92 84 57 0
108 -1.5 -0.305 1.144392156862745 73 63 36 0
109 -1.5 -0.205 1.165529411764706 134 124 110 0
110 -1.5 -0.105 1.1219607843137256 70 61 52 0
111 -1.5 -0.005 1.085764705882353 47 40 32 0
112 -1.5 0.095 1.223686274509804 35 28 20 0
113 -1.5 0.195 1.252392156862745 47 37 23 0
114 -1.5 0.295 2.1191372549019607 119 96 67 0
115 -1.5 0.395 2.151921568627451 119 97 71 0
116 -1.5 0.495 1.3410588235294116 68 55 44 0
117 -1.5 0.595 1.0634117647058823 52 39 31 0
118 -1.5 0.695 0.846313725490196 151 125 91 0
119 -1.5 0.795 0.6643137254901962 206 174 119 0
120 -1.5 0.895 0.5776470588235294 204 170 117 0
121 -1.2 -1.005 1.594156862745098 178 184 188 0
122 -1.2 -0.905 1.7218823529411764 188 198 203 0
123 -1.2 -0.805 1.7816862745098039 88 117 134 0
124 -1.2 -0.705 1.8468627450980393 96 123 145 0
125 -1.2 -0.605 1.6958039215686276 196 198 199 0
126 -1.2 -0.505 1.39878431372549 165 177 185 0
127 -1.2 -0.405 1.3289019607843136 153 144 119 0
128 -1.2 -0.305 1.2401176470588235 100 86 59 0
129 -1.2 -0.205 1.2118039215686276 95 85 59 0
130 -1.2 -0.105 1.124078431372549 127 117 91 0
131 -1.2 -0.005 1.097921568627451 75 66 48 0
132 -1.2 0.095 1.0965098039215686 163 155 132 0
133 -1.2 0.195 1.1378431372549018 146 132 116 0
134 -1.2 0.295 1.5214901960784315 222 215 204 0
135 -1.2 0.395 1.4676470588235293 203 183 150 0
136 -1.2 0.495 1.414156862745098 185 158 120 0
137 -1.2 0.595 1.0753725490196078 78 52 23 0
138 -1.2 0.695 0.8670980392156862 54 41 34 0
139 -1.2 0.795 0.7214117647058823 214 194 161 0
140 -1.2 0.895 0.5978039215686275 205 184 147 0
141 -0.9 -1.005 1.5412549019607844 180 188 193 0
142 -0.9 -0.905 1.628392156862745 184 192 198 0
143 -0.9 -0.805 1.7223921568627452 175 184 191 0
144 -0.9 -0.705 1.7598823529411767 165 179 191 0
145 -0.9 -0.605 1.6610196078431372 204 204 203 0
146 -0.9 -0.505 1.7809411764705882 134 153 164 0
147 -0.9 -0.405 1.5619999999999998 204 203 204 0
148 -0.9 -0.305 1.0721960784313724 173 147 116 0
149 -0.9 -0.205 1.2209803921568627 148 115 58 0
150 -0.9 -0.105 1.3256470588235294 114 100 73 0
151 -0.9 -0.005 1.3459999999999999 31 21 18 0
152 -0.9 0.095 1.361843137254902 173 161 134 0
153 -0.9 0.195 1.4089411764705884 162 132 92 0
154 -0.9 0.295 1.3790196078431374 231 224 213 0
155 -0.9 0.395 1.3786274509803922 205 189 165 0
156 -0.9 0.495 1.3498039215686273 164 141 105 0
157 -0.9 0.595 1.0694901960784313 195 161 90 0
158 -0.9 0.695 0.8555294117647059 233 211 166 0
159 -0.9 0.795 0.6927450980392158 210 179 117 0
160 -0.9 0.895 0.5810196078431372 198 166 112 0
161 -0.6 -1.005 0.9703921568627452 200 196 194 0
162 -0.6 -0.905 1.363686274509804 190 192 191 0
163 -0.6 -0.805 0.812392156862745 141 144 142 0
164 -0.6 -0.705 1.626392156862745 114 133 147 0
165 -0.6 -0.605 1.3745490196078434 173 174 172 0
166 -0.6 -0.505 0.9813725490196079 187 185 186 0
167 -0.6 -0.405 0.6653725490196077 235 217 192 0
168 -0.6 -0.305 0.6070980392156863 88 68 44 0
169 -0.6 -0.205 0.6418431372549019 105 94 73 0
170 -0.6 -0.105 0.7587450980392156 127 119 110 0
171 -0.6 -0.005 0.8084313725490196 201 191 179 0
172 -0.6 0.095 0.848 223 216 208 0
173 -0.6 0.195 1.2334901960784312 232 230 221 0
174 -0.6 0.295 1.2297254901960784 188 179 165 0
175 -0.6 0.395 1.2425098039215685 213 201 184 0
176 -0.6 0.495 1.2445098039215687 208 188 156 0
177 -0.6 0.595 1.0582352941176472 236 219 187 0
178 -0.6 0.695 0.8317254901960784 202 165 97 0
179 -0.6 0.795 0.6689411764705882 189 155 97 0
180 -0.6 0.895 0.5510980392156862 97 79 59 0
181 -0.3 -1.005 0.15184313725490195 87 80 64 0
182 -0.3 -0.905 0.6136078431372549 118 115 113 0
183 -0.3 -0.805 0.20023529411764707 76 71 64 0
184 -0.3 -0.705 0.22298039215686274 92 83 70 0
185 -0.3 -0.605 0.23815686274509804 102 94 75 0
186 -0.3 -0.505 0.2906666666666667 95 89 77 0
187 -0.3 -0.405 0.2691764705882353 55 51 47 0
188 -0.3 -0.305 0.27603921568627454 108 100 90 0
189 -0.3 -0.205 0.3187450980392157 91 83 77 0
190 -0.3 -0.105 0.3506666666666667 72 64 56 0
191 -0.3 -0.005 0.368 69 61 48 0
192 -0.3 0.095 0.5730196078431373 111 102 88 0
193 -0.3 0.195 0.4007450980392157 205 193 179 0
194 -0.3 0.295 0.43313725490196076 176 164 151 0
195 -0.3 0.395 0.41141176470588237 143 127 108 0
196 -0.3 0.495 1.1409019607843138 219 202 178 0
197 -0.3 0.595 1.0281176470588236 173 143 101 0
198 -0.3 0.695 0.7803921568627452 124 104 81 0
199 -0.3 0.795 0.6214901960784314 30 24 23 0
200 -0.3 0.895 0.5276470588235295 65 56 52 0
201 0.0 -1.005 0.17686274509803923 79 72 59 0
202 0.0 -0.905 0.1748627450980392 129 124 116 0
203 0.0 -0.805 0.188 116 116 114 0
204 0.0 -0.705 0.18431372549019606 87 81 72 0
205 0.0 -0.605 0.22066666666666668 166 157 142 0
206 0.0 -0.505 0.23662745098039217 70 64 56 0
207 0.0 -0.405 0.23694117647058824 96 86 73 0
208 0.0 -0.305 0.2366666666666667 81 74 63 0
209 0.0 -0.205 0.26698039215686276 33 27 29 0
210 0.0 -0.105 0.2696862745098039 57 52 47 0
211 0.0 -0.005 0.27337254901960784 56 48 43 0
212 0.0 0.095 0.444156862745098 76 64 56 0
213 0.0 0.195 0.5776862745098039 86 76 64 0
214 0.0 0.295 1.1351372549019607 186 171 152 0
215 0.0 0.395 1.1173725490196078 170 156 135 0
216 0.0 0.495 1.0714117647058823 193 175 153 0
217 0.0 0.595 0.9647058823529412 197 179 151 0
218 0.0 0.695 0.7348627450980392 173 160 140 0
219 0.0 0.795 0.5841176470588235 41 35 37 0
220 0.0 0.895 0.4843137254901961 36 31 29 0
221 0.3 -1.005 0.12654901960784312 155 154 153 0
222 0.3 -0.905 0.16745098039215686 108 100 86 0
223 0.3 -0.805 0.16749019607843138 129 128 124 0
224 0.3 -0.705 0.17313725490196077 131 126 120 0
225 0.3 -0.605 0.17380392156862745 98 89 79 0
226 0.3 -0.505 0.19376470588235292 78 69 61 0
227 0.3 -0.405 0.22180392156862744 59 51 43 0
228 0.3 -0.305 0.25098039215686274 41 36 33 0
229 0.3 -0.205 0.2802352941176471 114 105 89 0
230 0.3 -0.105 0.32384313725490194 86 76 64 0
231 0.3 -0.005 0.29933333333333334 63 53 43 0
232 0.3 0.095 0.4352549019607843 42 34 30 0
233 0.3 0.195 0.4234901960784314 109 86 57 0
234 0.3 0.295 0.8928235294117647 33 28 24 0
235 0.3 0.395 0.943764705882353 43 35 33 0
236 0.3 0.495 1.0628235294117647 72 63 54 0
237 0.3 0.595 0.9924313725490197 181 160 133 0
238 0.3 0.695 0.7300784313725491 76 64 51 0
239 0.3 0.795 0.5586666666666666 28 23 27 0
240 0.3 0.895 0.4606666666666667 34 25 23 0
241 0.6 -1.005 0.12113725490196078 158 147 130 0
242 0.6 -0.905 0.14062745098039214 144 134 116 0
243 0.6 -0.805 0.16505882352941179 75 66 49 0
244 0.6 -0.705 0.19145098039215686 76 66 46 0
245 0.6 -0.605 0.18945098039215685 95 85 66 0
246 0.6 -0.505 0.2188627450980392 41 34 33 0
247 0.6 -0.405 0.20952941176470588 33 29 27 0
248 0.6 -0.305 0.23482352941176468 31 26 25 0
249 0.6 -0.205 0.270078431372549 64 56 47 0
250 0.6 -0.105 0.24403921568627449 134 124 106 0
251 0.6 -0.005 0.2912156862745098 63 56 45 0
252 0.6 0.095 0.3392156862745098 27 23 19 0
253 0.6 0.195 0.39850980392156865 14 11 10 0
254 0.6 0.295 0.401921568627451 16 13 13 0
255 0.6 0.395 0.40431372549019606 26 21 23 0
256 0.6 0.495 0.3947450980392157 22 18 21 0
257 0.6 0.595 0.37878431372549015 30 24 29 0
258 0.6 0.695 0.36713725490196075 14 13 16 0
259 0.6 0.795 0.3420392156862745 18 16 19 0
260 0.6 0.895 0.3308627450980392 18 15 16 0
261 0.9 -1.005 0.1475686274509804 65 59 50 0
262 0.9 -0.905 0.1796078431372549 67 60 51 0
263 0.9 -0.805 0.18105882352941177 56 51 43 0
264 0.9 -0.705 0.19949019607843138 65 58 49 0
265 0.9 -0.605 0.19745098039215686 92 81 57 0
266 0.9 -0.505 0.20368627450980392 91 82 69 0
267 0.9 -0.405 0.2216862745098039 120 112 91 0
268 0.9 -0.305 0.23352941176470587 35 27 26 0
269 0.9 -0.205 0.23098039215686275 126 116 104 0
270 0.9 -0.105 0.25070588235294117 123 115 100 0
271 0.9 -0.005 0.24168627450980393 115 106 90 0
272 0.9 0.095 0.2795686274509804 91 81 63 0
273 0.9 0.195 0.4209411764705882 51 42 31 0
274 0.9 0.295 0.4305098039215687 51 43 36 0
275 0.9 0.395 0.43317647058823533 29 21 15 0
276 0.9 0.495 1.0315294117647058 227 219 204 0
277 0.9 0.595 0.9216470588235295 197 177 140 0
278 0.9 0.695 0.7110196078431373 63 52 43 0
279 0.9 0.795 0.5478823529411765 28 24 22 0
280 0.9 0.895 0.4413725490196079 22 17 17 0
281 1.2 -1.005 0.1543921568627451 142 133 115 0
282 1.2 -0.905 0.16831372549019608 96 88 67 0
283 1.2 -0.805 0.19031372549019607 77 70 58 0
284 1.2 -0.705 0.2163921568627451 119 107 82 0
285 1.2 -0.605 0.2007450980392157 140 128 105 0
286 1.2 -0.505 0.22572549019607846 74 66 58 0
287 1.2 -0.405 0.22850980392156864 25 19 18 0
288 1.2 -0.305 0.2416470588235294 25 18 19 0
289 1.2 -0.205 0.2167843137254902 125 117 102 0
290 1.2 -0.105 0.32799999999999996 17 14 15 0
291 1.2 -0.005 0.351843137254902 35 31 23 0
292 1.2 0.095 0.3853725490196079 42 34 28 0
293 1.2 0.195 0.4144705882352941 19 14 11 0
294 1.2 0.295 0.406 129 113 80 0
295 1.2 0.395 0.4098823529411764 112 95 58 0
296 1.2 0.495 1.1081960784313725 221 180 94 0
297 1.2 0.595 0.8928627450980392 20 12 10 0
298 1.2 0.695 0.6929411764705883 19 17 21 0
299 1.2 0.795 0.5601176470588236 18 15 19 0
300 1.2 0.895 0.46325490196078434 16 12 13 0
301 1.5 -1.005 0.32937254901960783 158 148 126 0
302 1.5 -0.905 0.19615686274509805 100 94 75 0
303 1.5 -0.805 0.1967843137254902 88 79 53 0
304 1.5 -0.705 0.19933333333333333 104 95 84 0
305 1.5 -0.605 0.2124705882352941 177 168 147 0
306 1.5 -0.505 0.22188235294117648 83 73 54 0
307 1.5 -0.405 0.21694117647058825 147 136 123 0
308 1.5 -0.305 0.25113725490196076 94 88 79 0
309 1.5 -0.205 0.32345098039215686 12 11 11 0
310 1.5 -0.105 0.2988235294117647 76 67 50 0
311 1.5 -0.005 0.3296862745098039 76 68 59 0
312 1.5 0.095 0.31811764705882356 60 51 41 0
313 1.5 0.195 0.3046274509803921 65 57 44 0
314 1.5 0.295 0.31450980392156863 94 83 61 0
315 1.5 0.395 0.4367450980392157 96 82 51 0
316 1.5 0.495 1.1989019607843137 173 134 66 0
317 1.5 0.595 0.851843137254902 197 158 88 0
318 1.5 0.695 0.6668627450980392 26 21 15 0
319 1.5 0.795 0.5403137254901961 27 22 19 0
320 1.5 0.895 0.45937254901960783 45 36 29 0
321 1.8 -1.005 0.12541176470588236 122 114 98 0
322 1.8 -0.905 0.1459607843137255 79 72 54 0
323 1.8 -0.805 0.2075686274509804 138 125 97 0
324 1.8 -0.705 0.2212941176470588 180 169 143 0
325 1.8 -0.605 0.1851764705882353 56 51 43 0
326 1.8 -0.505 0.20650980392156865 44 36 32 0
327 1.8 -0.405 0.19474509803921566 127 119 99 0
328 1.8 -0.305 0.23454901960784313 85 80 68 0
329 1.8 -0.205 0.2908627450980392 28 23 21 0
330 1.8 -0.105 0.2761176470588235 23 18 16 0
331 1.8 -0.005 0.26745098039215687 69 62 52 0
332 1.8 0.095 0.24850980392156863 30 20 20 0
333 1.8 0.195 0.26223529411764707 67 60 44 0
334 1.8 0.295 0.3987450980392157 114 104 78 0
335 1.8 0.395 0.41705882352941176 57 45 28 0
336 1.8 0.495 1.470235294117647 201 165 95 0
337 1.8 0.595 0.9002745098039217 204 169 96 0
338 1.8 0.695 0.6890588235294117 63 55 48 0
339 1.8 0.795 0.5510588235294118 216 198 173 0
340 1.8 0.895 0.4407843137254902 45 42 43 0
341 2.1 -1.005 0.15227450980392157 116 112 102 0
342 2.1 -0.905 0.19188235294117648 135 131 121 0
343 2.1 -0.805 0.1844705882352941 107 101 87 0
344 2.1 -0.705 0.19909803921568628 97 89 66 0
345 2.1 -0.605 0.21466666666666664 109 101 85 0
346 2.1 -0.505 0.17898039215686276 144 134 110 0
347 2.1 -0.405 0.2051372549019608 124 117 96 0
348 2.1 -0.305 0.18780392156862746 163 156 138 0
349 2.1 -0.205 0.19109803921568627 127 120 108 0
350 2.1 -0.105 0.195843137254902 85 77 62 0
351 2.1 -0.005 0.26576470588235296 50 44 32 0
352 2.1 0.095 0.25419607843137254 46 39 31 0
353 2.1 0.195 0.2596470588235294 80 74 56 0
354 2.1 0.295 0.2555686274509804 130 118 88 0
355 2.1 0.395 0.34996078431372546 121 104 66 0
356 2.1 0.495 1.222705882352941 151 114 48 0
357 2.1 0.595 0.9714117647058823 194 158 85 0
358 2.1 0.695 0.7027843137254902 199 173 129 0
359 2.1 0.795 0.5006666666666667 205 190 163 0
360 2.1 0.895 0.3775686274509804 200 184 160 0
361 2.4 -1.005 1.286313725490196 117 149 166 0
362 2.4 -0.905 0.42937254901960786 108 117 121 0
363 2.4 -0.805 1.263372549019608 130 152 164 0
364 2.4 -0.705 0.6023529411764705 107 121 126 0
365 2.4 -0.605 0.2232156862745098 100 94 80 0
366 2.4 -0.505 0.2882352941176471 119 115 106 0
367 2.4 -0.405 1.7055686274509805 158 164 167 0
368 2.4 -0.305 0.4598039215686274 154 166 173 0
369 2.4 -0.205 1.7080000000000002 160 164 164 0
370 2.4 -0.105 0.27470588235294113 94 88 69 0
371 2.4 -0.005 0.4713333333333333 154 153 149 0
372 2.4 0.095 1.664078431372549 198 192 184 0
373 2.4 0.195 0.2103921568627451 154 145 119 0
374 2.4 0.295 0.22866666666666668 102 94 68 0
375 2.4 0.395 0.32662745098039214 65 55 36 0
376 2.4 0.495 1.3657647058823528 101 72 25 0
377 2.4 0.595 1.0265098039215688 193 151 66 0
378 2.4 0.695 0.718313725490196 186 153 84 0
379 2.4 0.795 0.5134901960784314 210 196 170 0
380 2.4 0.895 0.3808235294117647 217 207 185 0
381 2.7 -1.005 1.448313725490196 100 136 151 0
382 2.7 -0.905 1.473686274509804 104 139 155 0
383 2.7 -0.805 1.4999607843137255 109 140 159 0
384 2.7 -0.705 1.4997647058823529 114 145 162 0
385 2.7 -0.605 1.517686274509804 120 149 166 0
386 2.7 -0.505 1.567019607843137 124 153 169 0
387 2.7 -0.405 1.5237254901960784 130 157 172 0
388 2.7 -0.305 0.8009803921568627 192 201 202 0
389 2.7 -0.205 0.8926666666666666 179 181 182 0
390 2.7 -0.105 0.8550196078431372 135 136 130 0
391 2.7 -0.005 1.079843137254902 167 177 180 0
392 2.7 0.095 2.374941176470588 176 184 182 0
393 2.7 0.195 2.4477254901960785 104 97 70 0
394 2.7 0.295 2.4278039215686276 76 70 48 0
395 2.7 0.395 2.303098039215686 74 62 42 0
396 2.7 0.495 1.6056470588235294 101 70 19 0
397 2.7 0.595 1.0118039215686274 175 135 57 0
398 2.7 0.695 0.6910196078431373 177 140 65 0
399 2.7 0.795 0.495843137254902 178 159 126 0
400 2.7 0.895 0.36823529411764705 208 196 174 0
